<!DOCTYPE html>
<html><head data-gwd-animation-mode="proMode"><meta name="GCD" content="YTk3ODQ3ZWZhN2I4NzZmMzBkNTEwYjJlfa0a23ffab49bd8cbb5058773f8b0ecd"/>
    <meta name="generator" content="Google Web Designer 1.0.1.1025">
    <meta name="template" content="Banner 1.0.5">
    <meta http-equiv="Content-Type" content="text/html; charset=utf-8">
    <meta name="viewport" content="width=device-width, initial-scale=1.0">
    <style type="text/css">html,body{width:100%;height:100%;margin:0px;}
.gwd-page-container{position:relative;width:100%;height:100%;}
.gwd-page-content{background-color:transparent;-webkit-transform:perspective(1400px) matrix3d(1, 0, 0, 0, 0, 1, 0, 0, 0, 0, 1, 0, 0, 0, 0, 1);-moz-transform:perspective(1400px) matrix3d(1, 0, 0, 0, 0, 1, 0, 0, 0, 0, 1, 0, 0, 0, 0, 1);transform:perspective(1400px) matrix3d(1, 0, 0, 0, 0, 1, 0, 0, 0, 0, 1, 0, 0, 0, 0, 1);-webkit-transform-style:preserve-3d;-moz-transform-style:preserve-3d;transform-style:preserve-3d;position:absolute;}
.gwd-page-wrapper{background-color:#ffffff;position:absolute;-webkit-transform:translateZ(0px);-moz-transform:translateZ(0px);transform:translateZ(0px);}
.gwd-page-size{width:300px;height:250px;}
.gwd-img-opt9{position:absolute;top:0px;left:0px;width:300px;height:250px;-webkit-transform:matrix3d(0.9998489301, -0.0049134986, 0.016672567, 0, 0.0166946979, 0.0044980584, -0.999850516, 0, 0.0048377699, 0.9999778122, 0.0045794082, 0, 0, 0, 0, 1);-moz-transform:matrix3d(0.9998489301, -0.0049134986, 0.016672567, 0, 0.0166946979, 0.0044980584, -0.999850516, 0, 0.0048377699, 0.9999778122, 0.0045794082, 0, 0, 0, 0, 1);transform:matrix3d(0.9998489301, -0.0049134986, 0.016672567, 0, 0.0166946979, 0.0044980584, -0.999850516, 0, 0.0048377699, 0.9999778122, 0.0045794082, 0, 0, 0, 0, 1);-webkit-transform-style:preserve-3d;-moz-transform-style:preserve-3d;transform-style:preserve-3d;}
.gwd-gen-k2tr .gwd-gen-bi5tgwdanimation{-webkit-animation:gwd-gen-bi5tgwdanimation_gwd-keyframes 6.2s linear 0s infinite forwards;-moz-animation:gwd-gen-bi5tgwdanimation_gwd-keyframes 6.2s linear 0s infinite forwards;animation:gwd-gen-bi5tgwdanimation_gwd-keyframes 6.2s linear 0s infinite forwards;}
@-webkit-keyframes gwd-gen-bi5tgwdanimation_gwd-keyframes{0%{top:0px;left:0px;width:300px;height:250px;-webkit-transform:matrix3d(0.9999908187, -0.0042849904, 0.0000370213, 0, 0.0042847901, 0.9999814551, 0.0043278058, 0, -0.0000555651, -0.0043276075, 0.9999906343, 0, 0, 0, 0, 1);-webkit-animation-timing-function:ease-in-out;} 19.3548%{top:0px;left:0px;width:300px;height:250px;-webkit-transform:matrix3d(0.9510649549, -0.0027379638, -0.3089788909, 0, 0.0042847901, 0.9999814551, 0.0043278058, 0, 0.3089613116, -0.0054399342, 0.9510590492, 0, 0, 0, 0, 1);-webkit-animation-timing-function:linear;} 35.4839%{top:0px;left:0px;width:300px;height:250px;-webkit-transform:matrix3d(0.9999616721, -0.0007329801, 0.0087245135, 0, 0.0008458824, 0.999915863, -0.0129441623, 0, -0.0087142916, 0.0129510461, 0.9998781583, 0, 0, 0, 0, 1);-webkit-animation-timing-function:linear;} 51.6129%{top:0px;left:0px;width:300px;height:250px;-webkit-transform:matrix3d(0.9998489301, -0.0049134986, 0.016672567, 0, 0.0166946979, 0.0044980584, -0.999850516, 0, 0.0048377699, 0.9999778122, 0.0045794082, 0, 0, 0, 0, 1);-webkit-animation-timing-function:linear;} 67.7419%{top:0px;left:0px;width:300px;height:250px;-webkit-transform:matrix3d(0.9995883647, -0.0206545961, -0.0199120264, 0, -0.0209086709, -0.9997015192, -0.0126372443, 0, -0.0196450659, 0.0130483763, -0.9997218669, 0, 0, 0, 0, 1);-webkit-animation-timing-function:ease-in-out;} 100%{top:0px;left:0px;width:300px;height:250px;-webkit-transform:matrix3d(0.9999908187, -0.0042849904, 0.0000370213, 0, 0.0042847901, 0.9999814551, 0.0043278058, 0, -0.0000555651, -0.0043276075, 0.9999906343, 0, 0, 0, 0, 1);-webkit-animation-timing-function:linear;}}@-moz-keyframes gwd-gen-bi5tgwdanimation_gwd-keyframes{0%{top:0px;left:0px;width:300px;height:250px;-moz-transform:matrix3d(0.9999908187, -0.0042849904, 0.0000370213, 0, 0.0042847901, 0.9999814551, 0.0043278058, 0, -0.0000555651, -0.0043276075, 0.9999906343, 0, 0, 0, 0, 1);-moz-animation-timing-function:ease-in-out;} 19.3548%{top:0px;left:0px;width:300px;height:250px;-moz-transform:matrix3d(0.9510649549, -0.0027379638, -0.3089788909, 0, 0.0042847901, 0.9999814551, 0.0043278058, 0, 0.3089613116, -0.0054399342, 0.9510590492, 0, 0, 0, 0, 1);-moz-animation-timing-function:linear;} 35.4839%{top:0px;left:0px;width:300px;height:250px;-moz-transform:matrix3d(0.9999616721, -0.0007329801, 0.0087245135, 0, 0.0008458824, 0.999915863, -0.0129441623, 0, -0.0087142916, 0.0129510461, 0.9998781583, 0, 0, 0, 0, 1);-moz-animation-timing-function:linear;} 51.6129%{top:0px;left:0px;width:300px;height:250px;-moz-transform:matrix3d(0.9998489301, -0.0049134986, 0.016672567, 0, 0.0166946979, 0.0044980584, -0.999850516, 0, 0.0048377699, 0.9999778122, 0.0045794082, 0, 0, 0, 0, 1);-moz-animation-timing-function:linear;} 67.7419%{top:0px;left:0px;width:300px;height:250px;-moz-transform:matrix3d(0.9995883647, -0.0206545961, -0.0199120264, 0, -0.0209086709, -0.9997015192, -0.0126372443, 0, -0.0196450659, 0.0130483763, -0.9997218669, 0, 0, 0, 0, 1);-moz-animation-timing-function:ease-in-out;} 100%{top:0px;left:0px;width:300px;height:250px;-moz-transform:matrix3d(0.9999908187, -0.0042849904, 0.0000370213, 0, 0.0042847901, 0.9999814551, 0.0043278058, 0, -0.0000555651, -0.0043276075, 0.9999906343, 0, 0, 0, 0, 1);-moz-animation-timing-function:linear;}}@keyframes gwd-gen-bi5tgwdanimation_gwd-keyframes{0%{top:0px;left:0px;width:300px;height:250px;transform:matrix3d(0.9999908187, -0.0042849904, 0.0000370213, 0, 0.0042847901, 0.9999814551, 0.0043278058, 0, -0.0000555651, -0.0043276075, 0.9999906343, 0, 0, 0, 0, 1);animation-timing-function:ease-in-out;} 19.3548%{top:0px;left:0px;width:300px;height:250px;transform:matrix3d(0.9510649549, -0.0027379638, -0.3089788909, 0, 0.0042847901, 0.9999814551, 0.0043278058, 0, 0.3089613116, -0.0054399342, 0.9510590492, 0, 0, 0, 0, 1);animation-timing-function:linear;} 35.4839%{top:0px;left:0px;width:300px;height:250px;transform:matrix3d(0.9999616721, -0.0007329801, 0.0087245135, 0, 0.0008458824, 0.999915863, -0.0129441623, 0, -0.0087142916, 0.0129510461, 0.9998781583, 0, 0, 0, 0, 1);animation-timing-function:linear;} 51.6129%{top:0px;left:0px;width:300px;height:250px;transform:matrix3d(0.9998489301, -0.0049134986, 0.016672567, 0, 0.0166946979, 0.0044980584, -0.999850516, 0, 0.0048377699, 0.9999778122, 0.0045794082, 0, 0, 0, 0, 1);animation-timing-function:linear;} 67.7419%{top:0px;left:0px;width:300px;height:250px;transform:matrix3d(0.9995883647, -0.0206545961, -0.0199120264, 0, -0.0209086709, -0.9997015192, -0.0126372443, 0, -0.0196450659, 0.0130483763, -0.9997218669, 0, 0, 0, 0, 1);animation-timing-function:ease-in-out;} 100%{top:0px;left:0px;width:300px;height:250px;transform:matrix3d(0.9999908187, -0.0042849904, 0.0000370213, 0, 0.0042847901, 0.9999814551, 0.0043278058, 0, -0.0000555651, -0.0043276075, 0.9999906343, 0, 0, 0, 0, 1);animation-timing-function:linear;}}.gwd-gen-bi5tgwdanimation-gen-animation0keyframe{top:0px;left:0px;width:300px;height:250px;-webkit-transform:matrix3d(0.9999908187, -0.0042849904, 0.0000370213, 0, 0.0042847901, 0.9999814551, 0.0043278058, 0, -0.0000555651, -0.0043276075, 0.9999906343, 0, 0, 0, 0, 1);-moz-transform:matrix3d(0.9999908187, -0.0042849904, 0.0000370213, 0, 0.0042847901, 0.9999814551, 0.0043278058, 0, -0.0000555651, -0.0043276075, 0.9999906343, 0, 0, 0, 0, 1);transform:matrix3d(0.9999908187, -0.0042849904, 0.0000370213, 0, 0.0042847901, 0.9999814551, 0.0043278058, 0, -0.0000555651, -0.0043276075, 0.9999906343, 0, 0, 0, 0, 1);}
</style>
    
  <script type="text/javascript" src="http://s0.2mdn.net/ads/studio/Enabler.js"></script><script type="text/javascript" data-exports-type="rad.ad.RichMedia">// Copyright 2013 Google Inc. All Rights Reserved.
(function(){var e,k=this,m=function(a,b,c){a=a.split(".");c=c||k;a[0]in c||!c.execScript||c.execScript("var "+a[0]);for(var d;a.length&&(d=a.shift());)a.length||void 0===b?c=c[d]?c[d]:c[d]={}:c[d]=b},aa=function(){},ba=function(a){var b=typeof a;if("object"==b)if(a){if(a instanceof Array)return"array";if(a instanceof Object)return b;var c=Object.prototype.toString.call(a);if("[object Window]"==c)return"object";if("[object Array]"==c||"number"==typeof a.length&&"undefined"!=typeof a.splice&&"undefined"!=typeof a.propertyIsEnumerable&&
!a.propertyIsEnumerable("splice"))return"array";if("[object Function]"==c||"undefined"!=typeof a.call&&"undefined"!=typeof a.propertyIsEnumerable&&!a.propertyIsEnumerable("call"))return"function"}else return"null";else if("function"==b&&"undefined"==typeof a.call)return"object";return b},n=function(a){return"array"==ba(a)},p=function(a){return"string"==typeof a},ea=function(a){return a[ca]||(a[ca]=++da)},ca="closure_uid_"+(1E9*Math.random()>>>0),da=0,fa=function(a,b,c){return a.call.apply(a.bind,
arguments)},ga=function(a,b,c){if(!a)throw Error();if(2<arguments.length){var d=Array.prototype.slice.call(arguments,2);return function(){var c=Array.prototype.slice.call(arguments);Array.prototype.unshift.apply(c,d);return a.apply(b,c)}}return function(){return a.apply(b,arguments)}},q=function(a,b,c){q=Function.prototype.bind&&-1!=Function.prototype.bind.toString().indexOf("native code")?fa:ga;return q.apply(null,arguments)},ha=function(a,b){var c=Array.prototype.slice.call(arguments,1);return function(){var b=
c.slice();b.push.apply(b,arguments);return a.apply(this,b)}},ia=Date.now||function(){return+new Date},s=function(a,b){function c(){}c.prototype=b.prototype;a.a=b.prototype;a.prototype=new c};Function.prototype.bind=Function.prototype.bind||function(a,b){if(1<arguments.length){var c=Array.prototype.slice.call(arguments,1);c.unshift(this,a);return q.apply(null,c)}return q(this,a)};var ja=function(a){return a.replace(/^[\s\xa0]+|[\s\xa0]+$/g,"")},ka=function(a){return Array.prototype.join.call(arguments,"")},la=function(a){return String(a).replace(/\-([a-z])/g,function(a,c){return c.toUpperCase()})},ma=function(a){var b=p(void 0)?"undefined".replace(/([-()\[\]{}+?*.$\^|,:#<!\\])/g,"\\$1").replace(/\x08/g,"\\x08"):"\\s";return a.replace(RegExp("(^"+(b?"|["+b+"]+":"")+")([a-z])","g"),function(a,b,f){return b+f.toUpperCase()})};var na,u=function(){return k.navigator?k.navigator.userAgent:""},oa=-1!=u().indexOf("Android"),pa=-1!=u().indexOf("MSIE");var v,qa,ra,sa,ta=function(){return k.navigator?k.navigator.userAgent:null};sa=ra=qa=v=!1;var ua;if(ua=ta()){var va=k.navigator;v=0==ua.lastIndexOf("Opera",0);qa=!v&&(-1!=ua.indexOf("MSIE")||-1!=ua.indexOf("Trident"));ra=!v&&-1!=ua.indexOf("WebKit");sa=!v&&!ra&&!qa&&"Gecko"==va.product}var wa=v,w=qa,x=sa,xa=ra,ya=function(){var a=k.document;return a?a.documentMode:void 0},za;
i:{var Aa="",Ba;if(wa&&k.opera)var Ca=k.opera.version,Aa="function"==typeof Ca?Ca():Ca;else if(x?Ba=/rv\:([^\);]+)(\)|;)/:w?Ba=/\b(?:MSIE|rv)[: ]([^\);]+)(\)|;)/:xa&&(Ba=/WebKit\/(\S+)/),Ba)var Da=Ba.exec(ta()),Aa=Da?Da[1]:"";if(w){var Ea=ya();if(Ea>parseFloat(Aa)){za=String(Ea);break i}}za=Aa}
var Fa=za,Ga={},y=function(a){var b;if(!(b=Ga[a])){b=0;for(var c=ja(String(Fa)).split("."),d=ja(String(a)).split("."),f=Math.max(c.length,d.length),g=0;0==b&&g<f;g++){var h=c[g]||"",l=d[g]||"",r=RegExp("(\\d*)(\\D*)","g"),L=RegExp("(\\d*)(\\D*)","g");do{var B=r.exec(h)||["","",""],t=L.exec(l)||["","",""];if(0==B[0].length&&0==t[0].length)break;b=((0==B[1].length?0:parseInt(B[1],10))<(0==t[1].length?0:parseInt(t[1],10))?-1:(0==B[1].length?0:parseInt(B[1],10))>(0==t[1].length?0:parseInt(t[1],10))?1:
0)||((0==B[2].length)<(0==t[2].length)?-1:(0==B[2].length)>(0==t[2].length)?1:0)||(B[2]<t[2]?-1:B[2]>t[2]?1:0)}while(0==b)}b=Ga[a]=0<=b}return b},Ha=k.document,Ia=Ha&&w?ya()||("CSS1Compat"==Ha.compatMode?parseInt(Fa,10):5):void 0;var Ja=function(){if(!oa)return 0;if(void 0===na){var a=/Android\s+([0-9.]+)/.exec(u());na=a&&2==a.length?a[1]:""}return parseInt(na,10)||0},Ka=function(){return wa?"-o-":w?"":x?"-moz-":"-webkit-"};var z=Array.prototype,La=z.indexOf?function(a,b,c){return z.indexOf.call(a,b,c)}:function(a,b,c){c=null==c?0:0>c?Math.max(0,a.length+c):c;if(p(a))return p(b)&&1==b.length?a.indexOf(b,c):-1;for(;c<a.length;c++)if(c in a&&a[c]===b)return c;return-1},Ma=z.forEach?function(a,b,c){z.forEach.call(a,b,c)}:function(a,b,c){for(var d=a.length,f=p(a)?a.split(""):a,g=0;g<d;g++)g in f&&b.call(c,f[g],g,a)},Na=z.filter?function(a,b,c){return z.filter.call(a,b,c)}:function(a,b,c){for(var d=a.length,f=[],g=0,h=p(a)?
a.split(""):a,l=0;l<d;l++)if(l in h){var r=h[l];b.call(c,r,l,a)&&(f[g++]=r)}return f},Oa=function(a,b){return 0<=La(a,b)},Pa=function(a,b){var c=La(a,b),d;(d=0<=c)&&z.splice.call(a,c,1);return d},Qa=function(a){var b=a.length;if(0<b){for(var c=Array(b),d=0;d<b;d++)c[d]=a[d];return c}return[]};var Ra=function(a,b){return Na(a,function(a){return!Oa(b,a)})},Sa=function(a,b){var c=document.body,d;d=c.className;d=p(d)&&d.match(/\S+/g)||[];p(a)?Pa(d,a):n(a)&&(d=Ra(d,a));if(p(b)&&!Oa(d,b))d.push(b);else if(n(b))for(var f=d,g=0;g<b.length;g++)Oa(f,b[g])||f.push(b[g]);d=d.join(" ");c.className=d};var A=function(a,b,c){for(var d in a)b.call(c,a[d],d,a)},Ta=function(a){var b=[],c=0,d;for(d in a)b[c++]=d;return b},Ua=function(a,b){b in a&&delete a[b]},Va="constructor hasOwnProperty isPrototypeOf propertyIsEnumerable toLocaleString toString valueOf".split(" "),Wa=function(a,b){for(var c,d,f=1;f<arguments.length;f++){d=arguments[f];for(c in d)a[c]=d[c];for(var g=0;g<Va.length;g++)c=Va[g],Object.prototype.hasOwnProperty.call(d,c)&&(a[c]=d[c])}};!x&&!w||w&&w&&9<=Ia||x&&y("1.9.1");w&&y("9");var Xa=function(a,b){a.appendChild(b)},Ya=function(a,b){a=a.parentNode;for(var c=0;a;){if(b(a))return a;a=a.parentNode;c++}return null};var C=function(){};C.prototype.Ea=!1;C.prototype.isDisposed=function(){return this.Ea};C.prototype.dispose=function(){this.Ea||(this.Ea=!0,this.b())};var Za=function(a,b){a.V||(a.V=[]);a.V.push(q(b,void 0))};C.prototype.b=function(){if(this.V)for(;this.V.length;)this.V.shift()()};var $a=function(a){a&&"function"==typeof a.dispose&&a.dispose()};var D=function(a,b){this.type=a;this.currentTarget=this.target=b};e=D.prototype;e.b=function(){};e.dispose=function(){};e.w=!1;e.defaultPrevented=!1;e.Ya=!0;e.stopPropagation=function(){this.w=!0};e.preventDefault=function(){this.defaultPrevented=!0;this.Ya=!1};var ab=function(a){a.preventDefault()};var bb=function(a){bb[" "](a);return a};bb[" "]=aa;var cb=!w||w&&9<=Ia,db=w&&!y("9");!xa||y("528");x&&y("1.9b")||w&&y("8")||wa&&y("9.5")||xa&&y("528");x&&!y("8")||w&&y("9");var eb=function(a,b){a&&this.init(a,b)};s(eb,D);e=eb.prototype;e.target=null;e.relatedTarget=null;e.offsetX=0;e.offsetY=0;e.clientX=0;e.clientY=0;e.screenX=0;e.screenY=0;e.button=0;e.keyCode=0;e.charCode=0;e.ctrlKey=!1;e.altKey=!1;e.shiftKey=!1;e.metaKey=!1;e.o=null;
e.init=function(a,b){var c=this.type=a.type;D.call(this,c);this.target=a.target||a.srcElement;this.currentTarget=b;var d=a.relatedTarget;if(d){if(x){var f;i:{try{bb(d.nodeName);f=!0;break i}catch(g){}f=!1}f||(d=null)}}else"mouseover"==c?d=a.fromElement:"mouseout"==c&&(d=a.toElement);this.relatedTarget=d;this.offsetX=xa||void 0!==a.offsetX?a.offsetX:a.layerX;this.offsetY=xa||void 0!==a.offsetY?a.offsetY:a.layerY;this.clientX=void 0!==a.clientX?a.clientX:a.pageX;this.clientY=void 0!==a.clientY?a.clientY:
a.pageY;this.screenX=a.screenX||0;this.screenY=a.screenY||0;this.button=a.button;this.keyCode=a.keyCode||0;this.charCode=a.charCode||("keypress"==c?a.keyCode:0);this.ctrlKey=a.ctrlKey;this.altKey=a.altKey;this.shiftKey=a.shiftKey;this.metaKey=a.metaKey;this.state=a.state;this.o=a;a.defaultPrevented&&this.preventDefault();delete this.w};e.stopPropagation=function(){eb.a.stopPropagation.call(this);this.o.stopPropagation?this.o.stopPropagation():this.o.cancelBubble=!0};
e.preventDefault=function(){eb.a.preventDefault.call(this);var a=this.o;if(a.preventDefault)a.preventDefault();else if(a.returnValue=!1,db)try{if(a.ctrlKey||112<=a.keyCode&&123>=a.keyCode)a.keyCode=-1}catch(b){}};e.b=function(){};var fb="closure_listenable_"+(1E6*Math.random()|0),E=function(a){try{return!(!a||!a[fb])}catch(b){return!1}},gb=0;var hb=function(a,b,c,d,f){this.C=a;this.ea=null;this.src=b;this.type=c;this.capture=!!d;this.n=f;this.key=++gb;this.G=this.ba=!1},ib=function(a){a.G=!0;a.C=null;a.ea=null;a.src=null;a.n=null};var F=function(a){this.src=a;this.f={};this.M=0};F.prototype.add=function(a,b,c,d,f){var g=this.f[a];g||(g=this.f[a]=[],this.M++);var h=jb(g,b,d,f);-1<h?(a=g[h],c||(a.ba=!1)):(a=new hb(b,this.src,a,!!d,f),a.ba=c,g.push(a));return a};F.prototype.remove=function(a,b,c,d){if(!(a in this.f))return!1;var f=this.f[a];b=jb(f,b,c,d);return-1<b?(ib(f[b]),z.splice.call(f,b,1),0==f.length&&(delete this.f[a],this.M--),!0):!1};
var kb=function(a,b){var c=b.type;if(!(c in a.f))return!1;var d=Pa(a.f[c],b);d&&(ib(b),0==a.f[c].length&&(delete a.f[c],a.M--));return d};F.prototype.removeAll=function(a){var b=0,c;for(c in this.f)if(!a||c==a){for(var d=this.f[c],f=0;f<d.length;f++)++b,ib(d[f]);delete this.f[c];this.M--}return b};F.prototype.da=function(a,b){var c=this.f[a],d=[];if(c)for(var f=0;f<c.length;++f){var g=c[f];g.capture==b&&d.push(g)}return d};
F.prototype.O=function(a,b,c,d){a=this.f[a];var f=-1;a&&(f=jb(a,b,c,d));return-1<f?a[f]:null};var jb=function(a,b,c,d){for(var f=0;f<a.length;++f){var g=a[f];if(!g.G&&g.C==b&&g.capture==!!c&&g.n==d)return f}return-1};var lb="closure_lm_"+(1E6*Math.random()|0),mb={},nb=0,ob=function(a,b,c,d,f){if(n(b)){for(var g=0;g<b.length;g++)ob(a,b[g],c,d,f);return null}c=pb(c);return E(a)?a.l(b,c,d,f):qb(a,b,c,!1,d,f)},qb=function(a,b,c,d,f,g){if(!b)throw Error("Invalid event type");var h=!!f,l=G(a);l||(a[lb]=l=new F(a));c=l.add(b,c,d,f,g);if(c.ea)return c;d=rb();c.ea=d;d.src=a;d.C=c;a.addEventListener?a.addEventListener(b,d,h):a.attachEvent(b in mb?mb[b]:mb[b]="on"+b,d);nb++;return c},rb=function(){var a=sb,b=cb?function(c){return a.call(b.src,
b.C,c)}:function(c){c=a.call(b.src,b.C,c);if(!c)return c};return b},H=function(a,b,c,d,f){if(n(b)){for(var g=0;g<b.length;g++)H(a,b[g],c,d,f);return null}c=pb(c);return E(a)?a.k(b,c,d,f):qb(a,b,c,!0,d,f)},tb=function(a,b,c,d,f){if(n(b))for(var g=0;g<b.length;g++)tb(a,b[g],c,d,f);else c=pb(c),E(a)?a.D(b,c,d,f):a&&(a=G(a))&&(b=a.O(b,c,!!d,f))&&ub(b)},ub=function(a){if("number"==typeof a||!a||a.G)return!1;var b=a.src;if(E(b))return kb(b.q,a);var c=a.type,d=a.ea;b.removeEventListener?b.removeEventListener(c,
d,a.capture):b.detachEvent&&b.detachEvent(c in mb?mb[c]:mb[c]="on"+c,d);nb--;(c=G(b))?(kb(c,a),0==c.M&&(c.src=null,b[lb]=null)):ib(a);return!0},wb=function(a,b,c,d){var f=1;if(a=G(a))if(b=a.f[b])for(b=Qa(b),a=0;a<b.length;a++){var g=b[a];g&&g.capture==c&&!g.G&&(f&=!1!==vb(g,d))}return Boolean(f)},vb=function(a,b){var c=a.C,d=a.n||a.src;a.ba&&ub(a);return c.call(d,b)},sb=function(a,b){if(a.G)return!0;if(!cb){var c;if(!(c=b))i:{c=["window","event"];for(var d=k,f;f=c.shift();)if(null!=d[f])d=d[f];else{c=
null;break i}c=d}f=c;c=new eb(f,this);d=!0;if(!(0>f.keyCode||void 0!=f.returnValue)){i:{var g=!1;if(0==f.keyCode)try{f.keyCode=-1;break i}catch(h){g=!0}if(g||void 0==f.returnValue)f.returnValue=!0}f=[];for(g=c.currentTarget;g;g=g.parentNode)f.push(g);for(var g=a.type,l=f.length-1;!c.w&&0<=l;l--)c.currentTarget=f[l],d&=wb(f[l],g,!0,c);for(l=0;!c.w&&l<f.length;l++)c.currentTarget=f[l],d&=wb(f[l],g,!1,c)}return d}return vb(a,new eb(b,this))},G=function(a){a=a[lb];return a instanceof F?a:null},xb="__closure_events_fn_"+
(1E9*Math.random()>>>0),pb=function(a){return"function"==ba(a)?a:a[xb]||(a[xb]=function(b){return a.handleEvent(b)})};var I=function(){this.q=new F(this);this.Rb=this};s(I,C);I.prototype[fb]=!0;e=I.prototype;e.aa=null;e.gc=function(a){this.aa=a};e.addEventListener=function(a,b,c,d){ob(this,a,b,c,d)};e.removeEventListener=function(a,b,c,d){tb(this,a,b,c,d)};
e.dispatchEvent=function(a){var b,c=this.aa;if(c)for(b=[];c;c=c.aa)b.push(c);var c=this.Rb,d=a.type||a;if(p(a))a=new D(a,c);else if(a instanceof D)a.target=a.target||c;else{var f=a;a=new D(d,c);Wa(a,f)}var f=!0,g;if(b)for(var h=b.length-1;!a.w&&0<=h;h--)g=a.currentTarget=b[h],f=yb(g,d,!0,a)&&f;a.w||(g=a.currentTarget=c,f=yb(g,d,!0,a)&&f,a.w||(f=yb(g,d,!1,a)&&f));if(b)for(h=0;!a.w&&h<b.length;h++)g=a.currentTarget=b[h],f=yb(g,d,!1,a)&&f;return f};
e.b=function(){I.a.b.call(this);this.removeAllListeners();this.aa=null};e.l=function(a,b,c,d){return this.q.add(String(a),b,!1,c,d)};e.k=function(a,b,c,d){return this.q.add(String(a),b,!0,c,d)};e.D=function(a,b,c,d){return this.q.remove(String(a),b,c,d)};e.removeAllListeners=function(a){return this.q?this.q.removeAll(a):0};
var yb=function(a,b,c,d){b=a.q.f[String(b)];if(!b)return!0;b=Qa(b);for(var f=!0,g=0;g<b.length;++g){var h=b[g];if(h&&!h.G&&h.capture==c){var l=h.C,r=h.n||h.src;h.ba&&kb(a.q,h);f=!1!==l.call(r,d)&&f}}return f&&!1!=d.Ya};I.prototype.da=function(a,b){return this.q.da(String(a),b)};I.prototype.O=function(a,b,c,d){return this.q.O(String(a),b,c,d)};var J=function(a){I.call(this);this.mb=a.cssClass;this.Ub=a.elementCount;this.Ja=0};s(J,I);var zb=-1!=u().indexOf("WebKit")?"webkitAnimationEnd":"animationend";J.prototype.start=function(){this.dispatchEvent("animationstart");this.Ja=this.Ub;ob(document.body,zb,this.ha,!0,this);Sa(null,this.mb)};J.prototype.stop=function(){this.Fa();Ab(this)};J.prototype.Fa=function(){Sa(this.mb,null)};var Ab=function(a){tb(document.body,zb,a.ha,!0,a);a.dispatchEvent("animationend")};
J.prototype.ha=function(){this.Ja--;0>=this.Ja&&Ab(this)};m("rad.animation.CSSAnimation",J,void 0);var K=J.prototype;K.addEventListener=K.addEventListener;K.removeEventListener=K.removeEventListener;K.start=K.start;K.stop=K.stop;var Bb=function(a,b,c){if(n(b))for(var d=0;d<b.length;d++)Bb(a,String(b[d]),c);else null!=b&&c.push("&",a,""===b?"":"=",encodeURIComponent(String(b)))},Cb=/#|$/,Db=function(a,b){var c=a.search(Cb),d;i:{d=0;for(var f=b.length;0<=(d=a.indexOf(b,d))&&d<c;){var g=a.charCodeAt(d-1);if(38==g||63==g)if(g=a.charCodeAt(d+f),!g||61==g||38==g||35==g)break i;d+=f+1}d=-1}if(0>d)return null;f=a.indexOf("&",d);if(0>f||f>c)f=c;d+=b.length+1;return decodeURIComponent(a.substr(d,f-d).replace(/\+/g," "))};Db(window.location.href,"canvasLogLevel");var Eb=function(){I.call(this);this.T=[];this.sb=0};s(Eb,I);var Fb=["abort","error","load"];Eb.prototype.add=function(a){if("string"==typeof a)this.T.push(a);else for(var b in a)this.T.push(a[b])};Eb.prototype.start=function(){Gb(this);for(var a in this.T){var b=this.T[a],c=document.createElement("img");H(c,Fb,this.Zb,void 0,this);c.src=b}};Eb.prototype.Zb=function(){this.sb++;this.dispatchEvent("progress");Gb(this)};var Gb=function(a){a.sb==a.T.length&&a.dispatchEvent("complete")};var Hb=function(){Eb.call(this)};s(Hb,Eb);var M=function(){this.ob=this.pb=this.qb=""},Ib={jc:"translate",hc:"rotate",ic:"scale"},Jb=function(){switch(Ka()){case "-moz-":return"MozTransform";case "-webkit-":return"webkitTransform";case "-o-":return"OTransform";default:return"transform"}}(),Kb=Ka()+"transform",Lb=function(){return Oa([1,2,3],Ja())?!1:"WebKitCSSMatrix"in window&&"m11"in new WebKitCSSMatrix("")};
M.prototype.translate=function(a,b,c){var d="translate";a=[a,b];Lb()&&(d+="3d",p(c)?a.push(c):a.push("0px"));this.qb=d+"("+a.join(",")+")";return this};M.prototype.scale=function(a,b,c){b=p(b)?b:a;var d="scale";a=[a,b];Lb()&&(d+="3d",p(c)?a.push(c):a.push("1"));this.pb=d+"("+a.join(",")+")";return this};M.prototype.rotate=function(a){this.ob="rotate("+a+")";return this};M.prototype.I=function(){var a=ja([this.qb,this.pb,this.ob].join(" "));if(""===a)return{};var b={};b.transform=a;return b};var N=function(a){this.d=a;this.N={}};s(N,C);var Mb=[];e=N.prototype;e.l=function(a,b,c,d,f){n(b)||(Mb[0]=b,b=Mb);for(var g=0;g<b.length;g++){var h=ob(a,b[g],c||this.handleEvent,d||!1,f||this.d||this);if(!h)break;this.N[h.key]=h}return this};e.k=function(a,b,c,d,f){i:{if(n(b))for(var g=0;g<b.length;g++)this.k(a,b[g],c,d,f);else{a=H(a,b,c||this.handleEvent,d,f||this.d||this);if(!a){a=this;break i}this.N[a.key]=a}a=this}return a};
e.D=function(a,b,c,d,f){if(n(b))for(var g=0;g<b.length;g++)this.D(a,b[g],c,d,f);else c=c||this.handleEvent,f=f||this.d||this,c=pb(c),d=!!d,b=E(a)?a.O(b,c,d,f):a?(a=G(a))?a.O(b,c,d,f):null:null,b&&(ub(b),delete this.N[b.key]);return this};e.removeAll=function(){A(this.N,ub);this.N={}};e.b=function(){N.a.b.call(this);this.removeAll()};e.handleEvent=function(){throw Error("EventHandler.handleEvent not implemented");};var Ob=function(a,b,c){p(b)?Nb(a,c,b):A(b,ha(Nb,a))},Nb=function(a,b,c){var d;i:if(d=la(c),void 0===a.style[d]&&(c=(xa?"Webkit":x?"Moz":w?"ms":wa?"O":null)+ma(c),void 0!==a.style[c])){d=c;break i}d&&(a.style[d]=b)};var O=function(a,b){I.call(this);this.h=a;this.h.id||(this.h.id=ea(this).toString());this.$a=b};s(O,I);e=O.prototype;e.$=!1;e.vb=!1;e.u=!1;e.getConfig=function(){var a=this.h,b={},c;for(c in a)b[c]=a[c];return b};e.setConfig=function(a){Wa(this.h,a);Pb(this)};e.getElement=function(){return this.A};e.setElement=function(a){this.A=a;Pb(this)};var Pb=function(a){a.getElement();a.getConfig();a.dispatchEvent("configured")};e=O.prototype;e.g=function(){this.d||(this.d=new N(this));return this.d};
e.L=function(){this.vb=!0;this.dispatchEvent("load")};e.isLoaded=function(){return this.vb};e.isBound=function(){return this.$};e.isVisible=function(){return this.u};e.load=function(){this.Ma()};e.Ma=function(){this.L()};e.createDom=function(){var a=document.createElement("DIV");this.setElement(a)};e.bind=function(){this.$=!0};e.present=function(){this.setVisible()};e.setVisible=function(){this.u=!0;this.dispatchEvent("visible")};e.dismiss=function(){this.u=!1;this.dispatchEvent("hidden")};
e.unbind=function(){this.d&&(this.d.dispose(),this.d=null);this.$=!1};e.b=function(){this.$&&this.unbind();delete this.A;O.a.b.call(this)};var Qb=function(a,b){O.call(this,a,b)};s(Qb,O);Qb.prototype.Ma=function(){var a=this.$a.getEnvironment().getFilename(this.getConfig().src),b=new Hb;b.add(a);this.g().k(b,"complete",this.Mb);b.start()};Qb.prototype.createDom=function(){var a=document.createElement("IMG");this.setElement(a)};Qb.prototype.Mb=function(){var a=this.$a.getEnvironment().getFilename(this.getConfig().src);this.getElement().setAttribute("src",a);this.L()};var Rb=function(a){a.addEventListener=a.addEventListener;a.removeEventListener=a.removeEventListener;a.getElement=a.getElement;a.setElement=a.setElement;a.getConfig=a.getConfig;a.setConfig=a.setConfig;a.createDom=a.createDom;a.load=a.load;a.bind=a.bind;a.present=a.present;a.dismiss=a.dismiss;a.unbind=a.unbind;a.dispose=a.dispose;a.isDisposed=a.isDisposed;a.isLoaded=a.isLoaded;a.isBound=a.isBound;a.isVisible=a.isVisible;a=D.prototype;m("goog.events.Event",D,void 0);a.stopPropagation=a.stopPropagation;
a.preventDefault=a.preventDefault;a.currentTarget=a.currentTarget;a.target=a.target;a.type=a.type};m("rad.ui.Image",Qb,void 0);Rb(Qb.prototype);var P=function(a,b){O.call(this,a,b)};s(P,O);P.prototype.La=function(a,b){var c=isNaN(b)?1:b;this.i||(this.i=[]);this.i[c]||(this.i[c]=[]);this.i[c].push(a);this.g().l(a,"configured",this.Fb)};P.prototype.Fb=function(){this.isLoaded()&&this.isVisible()&&Sb(this)};P.prototype.Ma=function(){Tb(this,0)};
var Tb=function(a,b){var c=0,d=q(function(a){a.target.removeEventListener("load",d,!1);c--;0==c&&Tb(this,b+1)},a);if(a.i&&a.i.length>b){var f=a.i[b];if(n(f)&&0<f.length)for(var c=f.length,g=0;g<f.length;g++)f[g].addEventListener("load",d,!1),f[g].load();else Tb(a,b+1)}else a.L()},Vb=function(a,b){if(n(a.i))for(var c=0;c<a.i.length;c++)Ub(a,b,c)},Ub=function(a,b,c){n(a.i)&&(c=a.i[c],n(c)&&Ma(c,b,a))};P.prototype.bind=function(){P.a.bind.call(this);Vb(this,function(a){this.appendChild(a);a.bind()})};
P.prototype.appendChild=function(a){var b=this.getElement();Ya(a.getElement(),function(a){return a==b})||Xa(b,a.getElement())};P.prototype.present=function(){n(this.i)?Sb(this):P.a.present.call(this)};var Sb=function(a){var b=0,c=0,d=q(function(a){a.target.removeEventListener("visible",d,!1);a.stopPropagation();c++;b==c&&this.setVisible()},a);Vb(a,function(a){b++;a.addEventListener("visible",d,!1);a.present()})};P.prototype.dismiss=function(){n(this.i)?Wb(this):P.a.dismiss.call(this)};
var Wb=function(a){var b=0,c=0,d=q(function(a){a.target.removeEventListener("hidden",d,!1);a.stopPropagation();c++;b==c&&(this.u=!1,this.dispatchEvent("hidden"))},a);Vb(a,function(a){b++;a.addEventListener("hidden",d,!1);a.dismiss()})};P.prototype.unbind=function(){Vb(this,function(a){a.unbind()});P.a.unbind.call(this)};P.prototype.b=function(){Vb(this,function(a){a.dispose()});this.i=null;P.a.b.call(this)};var Q=function(a,b){O.call(this,a,b);this.H=[]};s(Q,P);Q.prototype.Ba=function(a,b,c){this.H.push({src:a,type:b,n:c,Za:!1})};Q.prototype.bind=function(){for(var a=0;a<this.H.length;a++){var b=this.H[a];b.src.addEventListener(b.type,b.n,b.Za)}Q.a.bind.call(this)};Q.prototype.unbind=function(){for(var a=0;a<this.H.length;a++){var b=this.H[a];b.src.removeEventListener(b.type,b.n,b.Za)}Q.a.unbind.call(this)};Q.prototype.b=function(){this.H=null;Q.a.b.call(this)};var R=function(a,b){Q.call(this,a,b)};s(R,Q);e=R.prototype;e.tb=!1;e.jb=null;e.eb=null;e.fb=null;e.setElement=function(a){R.a.setElement.call(this,a);this.jb=this.getElement().parentElement};var Yb=function(a){a.tb||(a.tb=!0,a.dispatchEvent("brandingload"),Ub(a,function(a){this.appendChild(a)},0),Xb(a))},Xb=function(a){var b=a.jb||document.body;b!=a.getElement().parentElement&&(a=a.getElement(),b.appendChild(a))};e=R.prototype;e.Xa=function(){this.dispatchEvent("pagepresented")};
e.Ba=function(a,b,c){"pagepresented"==b||"pagepresenting"==b?a=this:"rotatetolandscape"==b?this.eb=c:"rotatetoportrait"==b&&(this.fb=c);R.a.Ba.call(this,a,b,c)};e.L=function(){Yb(this);R.a.L.call(this)};e.bind=function(){Xb(this);R.a.bind.call(this)};e.unbind=function(){R.a.unbind.call(this);var a=this.getElement();a&&a.parentNode&&a.parentNode.removeChild(a);(a=this.getConfig().introAnimationSequence)&&void 0!==a.Fa&&a.Fa()};
e.present=function(){R.a.present.call(this);this.dispatchEvent("pagepresenting");var a=this.getConfig().introAnimationSequence;a?(this.g().k(a,"animationend",this.Xa),a.start()):this.Xa()};e.dismiss=function(){R.a.dismiss.call(this)};e.b=function(){var a=this.getConfig();a.introAnimationSequence&&(a.introAnimationSequence.dispose&&a.introAnimationSequence.dispose(),a.introAnimationSequence=null);R.a.b.call(this)};m("rad.ui.Page",R,void 0);Rb(R.prototype);R.prototype.addChild=R.prototype.La;R.prototype.addEvent=R.prototype.Ba;var Zb=function(a,b){I.call(this);this.ga=a||1;this.F=b||k;this.Ca=q(this.Sb,this);this.Da=ia()};s(Zb,I);e=Zb.prototype;e.enabled=!1;e.r=null;e.Sb=function(){if(this.enabled){var a=ia()-this.Da;0<a&&a<0.8*this.ga?this.r=this.F.setTimeout(this.Ca,this.ga-a):(this.r&&(this.F.clearTimeout(this.r),this.r=null),this.dispatchEvent("tick"),this.enabled&&(this.r=this.F.setTimeout(this.Ca,this.ga),this.Da=ia()))}};
e.start=function(){this.enabled=!0;this.r||(this.r=this.F.setTimeout(this.Ca,this.ga),this.Da=ia())};e.stop=function(){this.enabled=!1;this.r&&(this.F.clearTimeout(this.r),this.r=null)};e.b=function(){Zb.a.b.call(this);this.stop();delete this.F};var $b=function(a,b,c){if("function"==ba(a))c&&(a=q(a,c));else if(a&&"function"==typeof a.handleEvent)a=q(a.handleEvent,a);else throw Error("Invalid listener argument");2147483647<b||k.setTimeout(a,b||0)};var ac=function(a,b){O.call(this,a,b);this.ua=this.ta=0;this.S=[]};s(ac,O);e=ac.prototype;e.bind=function(){ac.a.bind.call(this);this.getElement().style.cursor="pointer";this.g().l(this.getElement(),"click",this.oa);this.g().l(this.getElement(),"touchstart",this.Ab);this.g().l(document,"click",this.zb,!0)};e.Ab=function(a){a.stopPropagation();this.g().l(this.getElement(),"touchend",this.oa);this.g().l(document.body,"touchmove",this.Wa);this.ta=a.o.touches[0].clientX;this.ua=a.o.touches[0].clientY};
e.Wa=function(a){var b=a.o.touches[0].clientY;(10<Math.abs(a.o.touches[0].clientX-this.ta)||10<Math.abs(b-this.ua))&&this.fa()};e.oa=function(a){a.stopPropagation();this.fa();this.dispatchEvent("action");"touchend"==a.type&&(this.S.push(this.ta,this.ua),$b(q(this.Tb,this),2500))};e.Tb=function(){this.S.splice(0,2)};e.zb=function(a){for(var b=0;b<this.S.length;b+=2){var c=this.S[b+1];25>Math.abs(a.clientX-this.S[b])&&25>Math.abs(a.clientY-c)&&(a.stopPropagation(),a.preventDefault())}};
e.fa=function(){this.g().D(this.getElement(),"touchend",this.oa);this.g().D(document.body,"touchmove",this.Wa)};m("rad.ui.TapArea",ac,void 0);Rb(ac.prototype);var bc=function(){this.p={}};s(bc,C);bc.prototype.add=function(a,b,c){this.p[a]={from:b,R:c}};var cc=function(a,b){A(b.p,function(a,b){this.p[b]=a},a)},dc=function(a,b){var c={},d,f,g,h=b.replace(/ /g,"").split(")").slice(0,-1);Ma(h,function(a){d=a.split("(")[0];f=a.split("(")[1];"rotate3d"===d&&(f=f.split(",")[f.split(",").length-1]);g={};g.from=f;g.R=f;c[d.replace("3d","")]=g},a);A(c,function(a,b){var c=this.p;b in c||(c[b]=a)},a)};
bc.prototype.I=function(a){var b=Oa([1,2],Ja()),c={},d=new M,f=new M,g={},h={};this.p.transform&&(Ua(this.p,"rotate"),Ua(this.p,"translate"),Ua(this.p,"scale"));A(this.p,function(l,r){if("translate"===r){var L=l.from.split(","),B=l.R.split(",");d.translate.apply(d,L);f.translate.apply(f,B)}else"rotate"===r?(d.rotate(l.from),f.rotate(l.R)):"scale"===r?(L=l.from.split(","),B=l.R.split(","),d.scale.apply(d,L),f.scale.apply(f,B)):(g[r]=l.from,h[r]=l.R);if(b){var L=a+"_"+r,t;i:{for(t in Ib)if(Ib[t]==r){t=
!0;break i}t=!1}t?(t=[d.I(),f.I()],c[L]=t,d=new M,f=new M):(t=[g,h],c[L]=t,g={},h={})}},this);b||(Wa(g,d.I()),Wa(h,f.I()),c[a]=[g,h]);return c};bc.prototype.b=function(){delete this.p;bc.a.b.call(this)};var S=function(a){I.call(this);this.h=a;this.A=a.element||null;this.Qa=a.duration||"1s";this.qa=a.Cb||"0s";this.yb=a.easing||"ease";this.Sa=a.Db||1;this.W={};this.B=new bc;this.B.add(a.propertyName,a.K,a.J)};s(S,I);var ec=Ka(),fc=(-1!=u().indexOf("WebKit")?ec:"")+"animation",gc="@"+ec+"keyframes",hc=ec+"animation-fill-mode",ic=-1!=u().indexOf("WebKit")?"webkitAnimationEnd":"animationend";e=S.prototype;e.getConfig=function(){return this.h};
e.ka=function(){this.dispatchEvent("animationstart");var a=this.A,b=a.style[Jb];void 0!==b&&""!==b&&dc(this.B,b);b=this.h.id;b||(b=ea(this),this.h.id=b);b="anim_"+b+"_"+ea(a);b=this.B.I(b);"0s"===this.Qa?(Ob(a,fc,""),A(b,function(a){Wa(this.W,a[1])},this),$b(this.ab,1E3*parseFloat(this.qa.substr(0,this.qa.length-1)),this)):(H(a,ic,this.ab,!1,this),A(b,function(a,b){var f=b+"-animation-script",g=document;if(p(f)?!g.getElementById(f):!f){for(var g=gc+" "+b+" {",h=0;h<a.length;h++){var l=Math.round(100*
Math.abs(h/(a.length-1))),g=g+(l+"% {"),r;for(r in a[h])g="transform"===r?g+(Kb+":"+a[h][r]+";"):g+(r+":"+a[h][r]+";");g+="}"}g+="}";r=document.createElement("style");r.id=f;r.innerHTML=g;document.getElementsByTagName("head")[0].appendChild(r)}Wa(this.W,a[1])},this),Ob(a,jc(this,Ta(b))))};e.start=function(){this.ka()};e.stop=function(){};e.ab=function(){Ob(this.A,this.W);this.dispatchEvent("animationend")};
var jc=function(a,b){var c={};c[fc]="";var d=c[hc]="";A(b,function(a){c[fc]+=d+[a,this.Qa,this.yb,this.qa,-1===this.Sa?"infinite":this.Sa].join(" ");c[hc]+=d+"both";d=", "},a);return c};S.prototype.b=function(){delete this.h;this.W=this.A=null;this.B.dispose();delete this.B;S.a.b.call(this)};var kc=function(){I.call(this);this.Q={};this.ja=0};s(kc,I);e=kc.prototype;e.add=function(a){var b=ea(a.A),c=this.Q,d=0,f;for(f in c)d++;0!==d&&void 0!==this.Q[b]?cc(this.Q[b].B,a.B):this.Q[b]=a;return this};e.ka=function(){this.dispatchEvent("animationstart");this.ja=0;A(this.Q,function(a){this.ja++;H(a,"animationend",this.ha,!1,this);a.ka()},this)};e.start=function(){this.ka()};e.stop=function(){};e.ha=function(){this.ja--;0>=this.ja&&this.dispatchEvent("animationend")};var lc=function(){};e=lc.prototype;e.id=NaN;e.propertyName="";e.K="";e.J="";e.duration="";e.Cb="";e.easing="ease";e.Db=1;e.element=null;e.setElement=function(a){this.element=a};var T=function(a,b,c){I.call(this);this.m=a;this.t=b;this.type=c.type||"none";this.duration=c.duration||0;this.easing=c.easing||"ease";this.direction=c.direction||"right";this.n=new N(this)};s(T,I);T.prototype.pa=aa;T.prototype.va=function(){this.m&&(this.m.style[fc]="none",this.m.style[Jb]="none")};T.prototype.start=function(){this.dispatchEvent("animationstart");this.stop()};T.prototype.stop=function(){this.dispatchEvent("animationend")};var mc=function(a,b,c){T.call(this,a,b,c)};s(mc,T);mc.prototype.pa=function(){this.t.style.opacity=0;""!=this.m.style.zIndex&&(this.t.style.zIndex=this.m.style.zIndex+1)};mc.prototype.va=function(){mc.a.va.call(this);this.m.style.opacity=1};mc.prototype.start=function(){this.dispatchEvent("animationstart");var a=new kc,b=nc(this,this.t),c=nc(this,this.m,!0),b=new S(b),c=new S(c);a.add(b);a.add(c);this.n.k(a,"animationend",this.stop);a.start()};
var nc=function(a,b,c){var d=new lc;d.propertyName="opacity";c?(d.K="1",d.J="0"):(d.K="0",d.J="1");d.duration=a.duration+"ms";d.easing=a.easing;d.setElement(b);return d};var oc=function(a,b,c){T.call(this,a,b,c)};s(oc,T);oc.prototype.pa=function(){""!=this.m.style.zIndex&&(this.t.style.zIndex=this.m.style.zIndex+1);this.t.style.display="none"};
oc.prototype.start=function(){this.dispatchEvent("animationstart");var a=window.getComputedStyle(this.m,null).getPropertyValue("width"),b=window.getComputedStyle(this.m,null).getPropertyValue("height"),c=window.getComputedStyle(this.t,null).getPropertyValue("width"),d=window.getComputedStyle(this.t,null).getPropertyValue("height"),f="",g="";switch(this.direction){case "top":f="0px,-"+d;g="0px,"+d;break;case "bottom":f="0px,"+b;g="0px,-"+b;break;case "left":f="-"+c+",0px";g=c+",0px";break;default:f=
a+",0px",g="-"+a+",0px"}a=new kc;b=pc(this,this.t);b.K=f;f=new S(b);a.add(f);"push"==this.type&&(f=pc(this,this.m),f.J=g,g=new S(f),a.add(g));this.n.k(a,"animationend",this.stop);a.start();this.t.style.display="block"};var pc=function(a,b){var c=new lc;c.propertyName="translate";c.K="0px,0px";c.J="0px,0px";c.duration=a.duration+"ms";c.easing=a.easing;c.setElement(b);return c};var qc=function(a,b,c){I.call(this);this.e=a;this.j=b;this.h=c;this.wb=this.h.type||"none";this.d=new N(this)};s(qc,I);e=qc.prototype;e.start=function(){this.dispatchEvent("animationstart");this.e==this.j?this.dispatchEvent("animationend"):this.e&&this.e.isVisible()?(this.d.k(this.e,"hidden",q(this.Ta,this,q(this.Ua,this))),this.e.dismiss()):this.Ta(q(this.Ua,this))};e.Ta=function(a){this.j.isLoaded()?a():(this.d.k(this.j,"load",a),this.j.load())};
e.Ua=function(){var a;a=null;var b=this.j.getElement();this.e&&(a=this.e.getElement());switch(this.wb){case "fade":a=new mc(a,b,this.h);break;case "slide":case "push":a=new oc(a,b,this.h);break;default:a=new T(a,b,this.h)}a.pa();this.j.bind();this.d.k(a,"animationend",this.xb);a.start()};e.xb=function(a){a=a.target;this.e&&this.e.isBound()&&this.e.unbind();a.va();a.dispose();this.dispatchEvent("animationend")};e.b=function(){this.h=null;this.d.dispose();delete this.d;qc.a.b.call(this)};var rc=function(){I.call(this);ob(k,"devicemotion",this.Va,void 0,this)};s(rc,I);e=rc.prototype;e.Ga=NaN;e.Ha=NaN;e.Ia=NaN;e.xa=NaN;e.ya=NaN;e.za=NaN;e.ca=!1;e.Nb=18;e.Pb=200;e.Wb=1E3;e.b=function(){tb(k,"devicemotion",this.Va,void 0,this);rc.a.b.call(this)};e.Va=function(a){a=a.o.accelerationIncludingGravity;this.xa=a.x;this.ya=a.y;this.za=a.z;this.ca||$b(this.Ob,this.Pb,this);this.ca=!0};
