<!DOCTYPE html>
<html><head data-gwd-animation-mode="proMode"><meta name="GCD" content="YTk3ODQ3ZWZhN2I4NzZmMzBkNTEwYjJla6a9de57dfe29f97cb78b63613088c1c"/>
    <title>Sam</title>
    <meta http-equiv="Content-Type" content="text/html; charset=utf-8">
    <meta name="generator" content="Google Web Designer 1.0.1.1025">
    <style type="text/css">html,body{width:100%;height:100%;margin:0px;}
body{background-color:transparent;-webkit-transform:perspective(1400px) matrix3d(1, 0, 0, 0, 0, 1, 0, 0, 0, 0, 1, 0, 0, 0, 0, 1);-moz-transform:perspective(1400px) matrix3d(1, 0, 0, 0, 0, 1, 0, 0, 0, 0, 1, 0, 0, 0, 0, 1);transform:perspective(1400px) matrix3d(1, 0, 0, 0, 0, 1, 0, 0, 0, 0, 1, 0, 0, 0, 0, 1);-webkit-transform-style:preserve-3d;-moz-transform-style:preserve-3d;transform-style:preserve-3d;}
.gwd-img-3yjg{position:absolute;-webkit-transform-style:preserve-3d;-moz-transform-style:preserve-3d;transform-style:preserve-3d;top:94px;left:488px;width:300px;height:250px;-webkit-transform:matrix3d(1, 0, 0, 0, 0, 1, 0, 0, 0, 0, 1, 0, 0, 0, 0, 1);-moz-transform:matrix3d(1, 0, 0, 0, 0, 1, 0, 0, 0, 0, 1, 0, 0, 0, 0, 1);transform:matrix3d(1, 0, 0, 0, 0, 1, 0, 0, 0, 0, 1, 0, 0, 0, 0, 1);}
.gwd-gen-g5mjgwdanimation{-webkit-animation:gwd-gen-g5mjgwdanimation_gwd-keyframes 5.1s linear 0s infinite forwards;-moz-animation:gwd-gen-g5mjgwdanimation_gwd-keyframes 5.1s linear 0s infinite forwards;animation:gwd-gen-g5mjgwdanimation_gwd-keyframes 5.1s linear 0s infinite forwards;}
@-webkit-keyframes gwd-gen-g5mjgwdanimation_gwd-keyframes{0%{top:94px;left:488px;width:300px;height:250px;-webkit-transform:matrix3d(1, 0, 0, 0, 0, 1, 0, 0, 0, 0, 1, 0, 0, 0, 0, 1);-webkit-animation-timing-function:linear;} 23.5294%{top:94px;left:488px;width:300px;height:250px;-webkit-transform:matrix3d(0.7009092643, 0, -0.7132504492, 0, 0.0062242054, 0.9999619231, 0.0061165096, 0, 0.7132232908, -0.0087265355, 0.7008825758, 0, 0, 0, 0, 1);-webkit-animation-timing-function:linear;} 43.1373%{top:94px;left:488px;width:300px;height:250px;-webkit-transform:matrix3d(0.9998279952, -0.0063300052, 0.0174330473, 0, 0.0063764306, 0.9999762675, -0.0026087694, 0, -0.01741612, 0.0027194813, 0.9998446295, 0, 0, 0, 0, 1);-webkit-animation-timing-function:linear;} 62.7451%{top:94px;left:488px;width:300px;height:250px;-webkit-transform:matrix3d(0.9975213288, -0.0703179955, 0.0025647816, 0, 0.0042931558, 0.0244393008, -0.9996920973, 0, 0.0702336629, 0.9972252004, 0.02468061, 0, 0, 0, 0, 1);-webkit-animation-timing-function:linear;} 82.3529%{top:94px;left:488px;width:300px;height:250px;-webkit-transform:matrix3d(0.9995037647, -0.0313699934, 0.0028544275, 0, -0.0313325556, -0.9994329489, -0.0123309291, 0, 0.00323963, 0.0122353736, -0.9999198969, 0, 0, 0, 0, 1);-webkit-animation-timing-function:linear;} 100%{top:94px;left:488px;width:300px;height:250px;-webkit-transform:matrix3d(1, 0, 0, 0, 0, 1, 0, 0, 0, 0, 1, 0, 0, 0, 0, 1);-webkit-animation-timing-function:linear;}}@-moz-keyframes gwd-gen-g5mjgwdanimation_gwd-keyframes{0%{top:94px;left:488px;width:300px;height:250px;-moz-transform:matrix3d(1, 0, 0, 0, 0, 1, 0, 0, 0, 0, 1, 0, 0, 0, 0, 1);-moz-animation-timing-function:linear;} 23.5294%{top:94px;left:488px;width:300px;height:250px;-moz-transform:matrix3d(0.7009092643, 0, -0.7132504492, 0, 0.0062242054, 0.9999619231, 0.0061165096, 0, 0.7132232908, -0.0087265355, 0.7008825758, 0, 0, 0, 0, 1);-moz-animation-timing-function:linear;} 43.1373%{top:94px;left:488px;width:300px;height:250px;-moz-transform:matrix3d(0.9998279952, -0.0063300052, 0.0174330473, 0, 0.0063764306, 0.9999762675, -0.0026087694, 0, -0.01741612, 0.0027194813, 0.9998446295, 0, 0, 0, 0, 1);-moz-animation-timing-function:linear;} 62.7451%{top:94px;left:488px;width:300px;height:250px;-moz-transform:matrix3d(0.9975213288, -0.0703179955, 0.0025647816, 0, 0.0042931558, 0.0244393008, -0.9996920973, 0, 0.0702336629, 0.9972252004, 0.02468061, 0, 0, 0, 0, 1);-moz-animation-timing-function:linear;} 82.3529%{top:94px;left:488px;width:300px;height:250px;-moz-transform:matrix3d(0.9995037647, -0.0313699934, 0.0028544275, 0, -0.0313325556, -0.9994329489, -0.0123309291, 0, 0.00323963, 0.0122353736, -0.9999198969, 0, 0, 0, 0, 1);-moz-animation-timing-function:linear;} 100%{top:94px;left:488px;width:300px;height:250px;-moz-transform:matrix3d(1, 0, 0, 0, 0, 1, 0, 0, 0, 0, 1, 0, 0, 0, 0, 1);-moz-animation-timing-function:linear;}}@keyframes gwd-gen-g5mjgwdanimation_gwd-keyframes{0%{top:94px;left:488px;width:300px;height:250px;transform:matrix3d(1, 0, 0, 0, 0, 1, 0, 0, 0, 0, 1, 0, 0, 0, 0, 1);animation-timing-function:linear;} 23.5294%{top:94px;left:488px;width:300px;height:250px;transform:matrix3d(0.7009092643, 0, -0.7132504492, 0, 0.0062242054, 0.9999619231, 0.0061165096, 0, 0.7132232908, -0.0087265355, 0.7008825758, 0, 0, 0, 0, 1);animation-timing-function:linear;} 43.1373%{top:94px;left:488px;width:300px;height:250px;transform:matrix3d(0.9998279952, -0.0063300052, 0.0174330473, 0, 0.0063764306, 0.9999762675, -0.0026087694, 0, -0.01741612, 0.0027194813, 0.9998446295, 0, 0, 0, 0, 1);animation-timing-function:linear;} 62.7451%{top:94px;left:488px;width:300px;height:250px;transform:matrix3d(0.9975213288, -0.0703179955, 0.0025647816, 0, 0.0042931558, 0.0244393008, -0.9996920973, 0, 0.0702336629, 0.9972252004, 0.02468061, 0, 0, 0, 0, 1);animation-timing-function:linear;} 82.3529%{top:94px;left:488px;width:300px;height:250px;transform:matrix3d(0.9995037647, -0.0313699934, 0.0028544275, 0, -0.0313325556, -0.9994329489, -0.0123309291, 0, 0.00323963, 0.0122353736, -0.9999198969, 0, 0, 0, 0, 1);animation-timing-function:linear;} 100%{top:94px;left:488px;width:300px;height:250px;transform:matrix3d(1, 0, 0, 0, 0, 1, 0, 0, 0, 0, 1, 0, 0, 0, 0, 1);animation-timing-function:linear;}}.gwd-gen-g5mjgwdanimation-gen-animation0keyframe{top:94px;left:488px;width:300px;height:250px;-webkit-transform:matrix3d(1, 0, 0, 0, 0, 1, 0, 0, 0, 0, 1, 0, 0, 0, 0, 1);-moz-transform:matrix3d(1, 0, 0, 0, 0, 1, 0, 0, 0, 0, 1, 0, 0, 0, 0, 1);transform:matrix3d(1, 0, 0, 0, 0, 1, 0, 0, 0, 0, 1, 0, 0, 0, 0, 1);}
</style>
  </head>
  
  <body>
    <img class="gwd-img-3yjg gwd-gen-g5mjgwdanimation gwd-gen-g5mjgwdanimation-gen-animation0keyframe" id="sam" src="https://lh3.googleusercontent.com/-jaGaUor-IO0/UUSesm4koMI/AAAAAAAAEHo/j9onqkJMvoo/w300-h250-c/Sam-Azgor.JPG" alt="sam">
  

</body></html>
